[{"grid_dimensions": [3, 3, 3, 3, 3, 3], "right_hip_roll_vals": [-0.3, -0.06, 0.18], "right_hip_pitch_vals": [-0.27, 0.49, 1.25], "right_knee_vals": [-1.9, -1.4, -0.9], "left_hip_roll_vals": [-0.18, 0.06, 0.3], "left_hip_pitch_vals": [-0.27, 0.49, 1.25], "left_knee_vals": [-1.9, -1.4, -0.9]}, [{"qpos": [[3.1734922849302445e-17, 3.756662949466748e-17, 0.5, 1.0, 0.0, 0.0, 0.0, -0.18, 0.0, -0.27, 0.8497067518505048, -0.010269866538003762, 0.05893687932184137, -0.5238505607105514, -1.9, 0.0, 2.115676834331314, 0.0, -1.5244, 1.5244, -1.5968, -0.3, 0.0, -0.27, 0.8497685860297429, -0.0006201365989093971, -0.05221879112048078, -0.5245628308234636, -1.9, 0.0, 2.1156768350877995, 0.0, -1.5244, 1.5244, -1.5968]], "motorPos": [[0.3, 0.0, 1.25, -0.9, -1.5968, 0.18, 0.0, 1.25, -0.9, -1.5968]], "M_min": [[33.312, 0.0, 0.0, 0.0, -2.075045597913565, 0.5756683779477723, 9.957025874337545e-18, -0.17843979592272796, 0.459572157945947, -0.6579984245225892, 0.004046255956092315, 1.1866065906094005e-16, 0.17843979591988313, 0.4595721579937152, -0.6712523000778479, 0.00404625595687759], [0.0, 33.312, 0.0, 2.075045597913565, 0.0, -2.5922732734401897, 1.2441506794101467, -1.024719384497874, -0.18646770379544012, -0.12603011424864918, -0.00018584543948564104, 1.1243702185034183, -0.9950277937245116, -0.30779816596807824, -0.20656132381079503, -0.00030677100699608856], [0.0, 0.0, 33.312, -0.5756683779477723, 2.5922732734401897, 0.0, -0.044842458017384956, 0.18646770379544014, -1.0247193844978737, -0.6610674028948847, -0.001021299777308235, -0.5344000999303871, 0.3077981659680783, -0.9950277937245116, -0.6331814768610797, -0.0009917072680076522], [0.0, 2.075045597913565, -0.5756683779477723, 1.1934008357160506, -0.08847244608429854, -0.37590561151869895, 0.2680529958286598, -0.10085550989105818, -0.13462729031262435, -0.08453458620024962, -0.00013467302955435208, 0.34625073828985864, -0.16758140630389404, 0.13061891423347333, 0.08200502445309969, 0.00013067804081250023], [-2.075045597913565, 0.0, 2.5922732734401897, -0.08847244608429854, 1.7028997090230147, -0.09396131452288954, -0.028410621305540038, 0.11664472107382802, -0.6246921379654087, -0.19589874405583446, -0.0025825073582227682, -0.05989351683731177, 0.12266601776779931, -0.6014140766081477, -0.17864109492740232, -0.0025161970481293134], [0.5756683779477723, -2.5922732734401897, 0.0, -0.37590561151869895, -0.09396131452288954, 1.8615509566985637, -0.18429089763819523, 0.5137807359123514, 0.04042082019436379, 0.12191395410287027, -5.7859310977807764e-05, -0.17658703518250884, 0.5123072173134517, 0.25962782815485586, -0.02646569170050031, 0.001305597441418841], [9.957025874337545e-18, 1.2441506794101467, -0.044842458017384956, 0.2680529958286598, -0.028410621305540038, -0.18429089763819523, 0.31223172766100676, -0.12602864990344248, 0.0037098265945886277, 0.004709513190559844, 3.2024403822597395e-06, 0.0, 0.0, 0.0, 0.0, 0.0], [-0.17843979592272796, -1.024719384497874, 0.18646770379544014, -0.10085550989105818, 0.11664472107382802, 0.5137807359123514, -0.12602864990344248, 0.48975181410947316, -0.011030730165085923, -0.0027985423282824284, 1.8149550357795136e-05, 0.0, 0.0, 0.0, 0.0, 0.0], [0.459572157945947, -0.18646770379544012, -1.0247193844978737, -0.13462729031262435, -0.6246921379654087, 0.04042082019436379, 0.0037098265945886277, -0.011030730165085923, 0.6339860439493402, 0.22490209072996195, 0.0022131904541256406, 0.0, 0.0, 0.0, 0.0, 0.0], [-0.6579984245225892, -0.12603011424864918, -0.6610674028948847, -0.08453458620024962, -0.19589874405583446, 0.12191395410287027, 0.004709513190559844, -0.0027985423282824284, 0.22490209072996195, 0.745383548544508, -0.004384081163539288, 0.0, 0.0, 0.0, 0.0, 0.0], [0.004046255956092315, -0.00018584543948564104, -0.001021299777308235, -0.00013467302955435208, -0.0025825073582227682, -5.7859310977807764e-05, 3.2024403822597395e-06, 1.8149550357795136e-05, 0.0022131904541256406, -0.004384081163539288, 0.012699097175968288, 0.0, 0.0, 0.0, 0.0, 0.0], [1.1866065906094005e-16, 1.1243702185034183, -0.5344000999303871, 0.34625073828985864, -0.05989351683731177, -0.17658703518250884, 0.0, 0.0, 0.0, 0.0, 0.0, 0.31223172479925637, -0.12602865389820334, -0.0037098379193356845, -0.003474474923146069, -3.2024403685326558e-06], [0.17843979591988313, -0.9950277937245116, 0.3077981659680783, -0.16758140630389404, 0.12266601776779931, 0.5123072173134517, 0.0, 0.0, 0.0, 0.0, 0.0, -0.12602865389820334, 0.48975180886601677, 0.011030708611612343, 0.007995336033241608, -1.8149550360223512e-05], [0.4595721579937152, -0.30779816596807824, -0.9950277937245116, 0.13061891423347333, -0.6014140766081477, 0.25962782815485586, 0.0, 0.0, 0.0, 0.0, 0.0, -0.0037098379193356845, 0.011030708611612343, 0.633986051794, 0.2174024039622129, 0.0022131904525740926], [-0.6712523000778479, -0.20656132381079503, -0.6331814768610797, 0.08200502445309969, -0.17864109492740232, -0.02646569170050031, 0.0, 0.0, 0.0, 0.0, 0.0, -0.003474474923146069, 0.007995336033241608, 0.2174024039622129, 0.7701982283348715, -0.004577159985384834], [0.00404625595687759, -0.00030677100699608856, -0.0009917072680076522, 0.00013067804081250023, -0.0025161970481293134, 0.001305597441418841, 0.0, 0.0, 0.0, 0.0, 0.0, -3.2024403685326558e-06, -1.8149550360223512e-05, 0.0022131904525740926, -0.004577159985384834, 0.012699097175968272]], "I_centroid": [1.0541954948542143, -0.04367508325652835, -0.21442970960224067, -0.04367508325652835, 1.3719170313809401, -0.12982040834849487, -0.21442970960224067, -0.12982040834849487, 1.649877241353903], "cm_pos": [-0.07781800172430925, -0.017281111249632896, 0.43770876567262357], "grid_indices": [0, 0, 0, 0, 0, 0]}, {"qpos": [[9.734346575335226e-18, -2.035548921260066e-18, 0.5, 1.0, 0.0, 0.0, 0.0, -0.18, 0.0, -0.27, 0.9534142148565371, -0.015497442486323634, 0.028333283249504466, -0.29993064072578457, -1.4, 0.0, 1.6196610200604469, 0.0, -1.5244, 1.5244, -1.5968, -0.3, 0.0, -0.27, 0.8497697286020071, -0.000620082015301781, -0.05221851978783057, -0.5245610069773904, -1.9, 0.0, 2.1156800592384464, 0.0, -1.5244, 1.5244, -1.5968]], "motorPos": [[0.3, 0.0, 1.25, -0.9, -1.5968, 0.18, 0.0, 1.25, -0.9, -1.5968]], "M_min": [[33.312, 0.0, 0.0, 0.0, -2.4994859410122516, 0.6529036253008517, 2.7106674367514615e-17, -0.17843979736501292, 0.8909821786730012, 0.11224238904098494, 0.004050359698951303, 1.1866068055256464e-16, 0.17843979531469545, 0.4595724874731482, -0.6712523490081672, 0.004046259303754414], [0.0, 33.312, 0.0, 2.4994859410122516, 0.0, -2.6636869922776634, 1.6685907075662632, -1.0949797971687825, -0.19925295799933532, -0.15916719726478032, -0.00018295783003090607, 1.1243705334459881, -0.9950273316972704, -0.30779802304630427, -0.20656167825026264, -0.000306767151715074], [0.0, 0.0, 33.312, -0.6529036253008517, 2.6636869922776634, 0.0, -0.1220776085807922, 0.19925295799933537, -1.0949797971687822, -0.8347329853085472, -0.0010054311345197159, -0.5344001967200596, 0.30779802304630427, -0.9950273316972705, -0.6331825882158788, -0.0009916948049321916], [0.0, 2.4994859410122516, -0.6529036253008517, 1.3543379442393655, -0.12301905889327593, -0.6155187381578514, 0.43941677602116436, -0.321643187122382, -0.1435365936746573, -0.10770524152535677, -0.0001326030991834315, 0.34625079888012317, -0.16758134308756475, 0.1306188541686148, 0.08200515252227977, 0.00013067641681421366], [-2.4994859410122516, 0.0, 2.6636869922776634, -0.12301905889327593, 1.9694215746253876, -0.07161249873902908, -0.07259822276848307, 0.12934777644514323, -0.8515233664270349, -0.5186398282018909, -0.0035902830419076055, -0.05989351080589883, 0.12266584863641726, -0.6014135346299002, -0.17864151175887355, -0.002516190410891371], [0.6529036253008517, -2.6636869922776634, 0.0, -0.6155187381578514, -0.07161249873902908, 1.9392881946913156, -0.4239040514876484, 0.6010792358943047, 0.026639450863806112, 0.08289255566793098, 0.00012498397246692736, -0.1765870079722081, 0.5123066556512854, 0.259627700452261, -0.026465556734235063, 0.0013055958293011604], [2.7106674367514615e-17, 1.6685907075662632, -0.1220776085807922, 0.43941677602116436, -0.07259822276848307, -0.4239040514876484, 0.4940222531795712, -0.34854233645229216, 0.00428567894312834, 0.004983711491297147, 3.1301039767302804e-06, 0.0, 0.0, 0.0, 0.0, 0.0], [-0.17843979736501292, -1.0949797971687825, 0.19925295799933537, -0.321643187122382, 0.12934777644514323, 0.6010792358943047, -0.34854233645229216, 0.5744148191785541, -0.007899537763862152, 0.0032588274594200816, 1.816216539092026e-05, 0.0, 0.0, 0.0, 0.0, 0.0], [0.8909821786730012, -0.19925295799933532, -1.0949797971687822, -0.1435365936746573, -0.8515233664270349, 0.026639450863806112, 0.00428567894312834, -0.007899537763862152, 0.8227857924576107, 0.4760743346307558, 0.0032379387381246713, 0.0, 0.0, 0.0, 0.0, 0.0], [0.11224238904098494, -0.15916719726478032, -0.8347329853085472, -0.10770524152535677, -0.5186398282018909, 0.08289255566793098, 0.004983711491297147, 0.0032588274594200816, 0.4760743346307558, 0.49655488981735935, 0.0010774976666884767, 0.0, 0.0, 0.0, 0.0, 0.0], [0.004050359698951303, -0.00018295783003090607, -0.0010054311345197159, -0.0001326030991834315, -0.0035902830419076055, 0.00012498397246692736, 3.1301039767302804e-06, 1.816216539092026e-05, 0.0032379387381246713, 0.0010774976666884767, 0.012699097175968265, 0.0, 0.0, 0.0, 0.0, 0.0], [1.1866068055256464e-16, 1.1243705334459881, -0.5344001967200596, 0.34625079888012317, -0.05989351080589883, -0.1765870079722081, 0.0, 0.0, 0.0, 0.0, 0.0, 0.3122317723229151, -0.12602860997631354, -0.0037098356105166874, -0.003474496886863862, -3.202381851632075e-06], [0.17843979531469545, -0.9950273316972704, 0.30779802304630427, -0.16758134308756475, 0.12266584863641726, 0.5123066556512854, 0.0, 0.0, 0.0, 0.0, 0.0, -0.12602860997631354, 0.48975124608372506, 0.011030704285084595, 0.007995347601004512, -1.814956068527077e-05], [0.4595724874731482, -0.30779802304630427, -0.9950273316972705, 0.1306188541686148, -0.6014135346299002, 0.259627700452261, 0.0, 0.0, 0.0, 0.0, 0.0, -0.0037098356105166874, 0.011030704285084595, 0.6339854771836606, 0.2174027912609718, 0.002213183839863287], [-0.6712523490081672, -0.20656167825026264, -0.6331825882158788, 0.08200515252227977, -0.17864151175887355, -0.026465556734235063, 0.0, 0.0, 0.0, 0.0, 0.0, -0.003474496886863862, 0.007995347601004512, 0.2174027912609718, 0.7701988693714747, -0.004577162841715262], [0.004046259303754414, -0.000306767151715074, -0.0009916948049321916, 0.00013067641681421366, -0.002516190410891371, 0.0013055958293011604, 0.0, 0.0, 0.0, 0.0, 0.0, -3.202381851632075e-06, -1.814956068527077e-05, 0.002213183839863287, -0.004577162841715262, 0.012699097175968272]], "I_centroid": [1.1539983334910195, -0.07081171937824204, -0.4156553799549447, -0.07081171937824204, 1.5688854806608368, -0.12060155470310845, -0.4156553799549447, -0.12060155470310845, 1.7134983430834798], "cm_pos": [-0.07996178531092889, -0.019599652536649005, 0.4249674009062124], "grid_indices": [0, 0, 0, 0, 0, 1]}, {"qpos": [[-1.445013813466955e-17, 9.22032632535984e-19, 0.5, 1.0, 0.0, 0.0, 0.0, -0.18, 0.0, -0.27, 0.9982323715222463, -0.016950873528525128, 0.004336224420477374, -0.056797865184065766, -0.9, 0.0, 1.124989962203452, 0.0, -1.5244, 1.5244, -1.5968, -0.3, 0.0, -0.27, 0.8497697286020071, -0.0006200820153017818, -0.05221851978783057, -0.5245610069773904, -1.9, 0.0, 2.115680059238446, 0.0, -1.5244, 1.5244, -1.5968]], "motorPos": [[0.3, 0.0, 1.25, -0.9, -1.5968, 0.18, 0.0, 1.25, -0.9, -1.5968]], "M_min": [[33.312, 0.0, 0.0, 0.0, -2.9060518876862114, 0.726886239356495, 4.353411467682113e-17, -0.17843979715289526, 1.3042245968459176, 0.6418676501456492, 0.004055748032500889, 1.1866068055256454e-16, 0.17843979531469545, 0.45957248747314805, -0.671252349008167, 0.004046259303754421], [0.0, 33.312, 0.0, 2.9060518876862114, 0.0, -2.5193278586794925, 2.0751566542402227, -0.9529529740818643, -0.17340840389113327, -0.14118021170768513, -0.00017909105250899122, 1.124370533445988, -0.9950273316972708, -0.3077980230463043, -0.20656167825026267, -0.00030676715171507746], [0.0, 0.0, 33.312, -0.726886239356495, 2.5193278586794925, 0.0, -0.19606022263643608, 0.1734084038911333, -0.9529529740818642, -0.7452828857955119, -0.0009841815465128079, -0.5344001967200591, 0.30779802304630444, -0.9950273316972708, -0.6331825882158787, -0.0009916948049321778], [0.0, 2.9060518876862114, -0.726886239356495, 1.6873984758322635, -0.17034345550919355, -0.7740573641068957, 0.7824649605115742, -0.46584400237395385, -0.12535988713465068, -0.0968134842301096, -0.00012983123391663225, 0.3462507988801232, -0.1675813430875648, 0.13061885416861482, 0.08200515252227975, 0.0001306764168142097], [-2.9060518876862114, 0.0, 2.5193278586794925, -0.17034345550919355, 2.1738432820031846, -0.08174153630933449, -0.1004341363486477, 0.1032466597241348, -1.0346504395860259, -0.7647025253662353, -0.004457525357681169, -0.059893510805898775, 0.12266584863641733, -0.6014135346299004, -0.17864151175887394, -0.0025161904108913667], [0.726886239356495, -2.5193278586794925, 0.0, -0.7740573641068957, -0.08174153630933449, 1.795461951743745, -0.5824426774366926, 0.47454890027773255, 0.007251722793083285, 0.05888354863539462, 0.00028208491506510474, -0.1765870079722081, 0.5123066556512856, 0.2596277004522611, -0.026465556734235035, 0.0013055958293011621], [4.353411467682113e-17, 2.0751566542402227, -0.19606022263643608, 0.7824649605115742, -0.1004341363486477, -0.5824426774366926, 0.8470580905674928, -0.4892541368992567, 0.0032887643664010757, 0.003799705352284589, 3.0332748625969803e-06, 0.0, 0.0, 0.0, 0.0, 0.0], [-0.17843979715289526, -0.9529529740818643, 0.1734084038911333, -0.46584400237395385, 0.1032466597241348, 0.47454890027773255, -0.4892541368992567, 0.4523294723178093, -0.00487279072799663, 0.00601188771025104, 1.817858757438964e-05, 0.0, 0.0, 0.0, 0.0, 0.0], [1.3042245968459176, -0.17340840389113327, -0.9529529740818642, -0.12535988713465068, -1.0346504395860259, 0.007251722793083285, 0.0032887643664010757, -0.00487279072799663, 0.9793526644577222, 0.6834675112068538, 0.004119998944421412, 0.0, 0.0, 0.0, 0.0, 0.0], [0.6418676501456492, -0.14118021170768513, -0.7452828857955119, -0.0968134842301096, -0.7647025253662353, 0.05888354863539462, 0.003799705352284589, 0.00601188771025104, 0.6834675112068538, 0.6786416495731146, 0.003621719170400493, 0.0, 0.0, 0.0, 0.0, 0.0], [0.004055748032500889, -0.00017909105250899122, -0.0009841815465128079, -0.00012983123391663225, -0.004457525357681169, 0.00028208491506510474, 3.0332748625969803e-06, 1.817858757438964e-05, 0.004119998944421412, 0.003621719170400493, 0.012699097175968328, 0.0, 0.0, 0.0, 0.0, 0.0], [1.1866068055256454e-16, 1.124370533445988, -0.5344001967200591, 0.3462507988801232, -0.059893510805898775, -0.1765870079722081, 0.0, 0.0, 0.0, 0.0, 0.0, 0.3122317723229152, -0.1260286099763136, -0.0037098356105166597, -0.0034744968868638607, -3.202381851634135e-06], [0.17843979531469545, -0.9950273316972708, 0.30779802304630444, -0.1675813430875648, 0.12266584863641733, 0.5123066556512856, 0.0, 0.0, 0.0, 0.0, 0.0, -0.1260286099763136, 0.4897512460837252, 0.011030704285084651, 0.00799534760100442, -1.814956068526863e-05], [0.45957248747314805, -0.3077980230463043, -0.9950273316972708, 0.13061885416861482, -0.6014135346299004, 0.2596277004522611, 0.0, 0.0, 0.0, 0.0, 0.0, -0.0037098356105166597, 0.011030704285084651, 0.6339854771836607, 0.21740279126097206, 0.002213183839863283], [-0.671252349008167, -0.20656167825026267, -0.6331825882158787, 0.08200515252227975, -0.17864151175887394, -0.026465556734235035, 0.0, 0.0, 0.0, 0.0, 0.0, -0.0034744968868638607, 0.00799534760100442, 0.21740279126097206, 0.7701988693714739, -0.004577162841715275], [0.004046259303754421, -0.00030676715171507746, -0.0009916948049321778, 0.0001306764168142097, -0.0025161904108913667, 0.0013055958293011621, 0.0, 0.0, 0.0, 0.0, 0.0, -3.202381851634135e-06, -1.814956068526863e-05, 0.002213183839863283, -0.004577162841715275, 0.012699097175968272]], "I_centroid": [1.4180210389059176, -0.11537033012189814, -0.5542777807910932, -0.11537033012189814, 1.7297945778292165, -0.1451531936104598, -0.5542777807910932, -0.1451531936104598, 1.5890685660423634], "cm_pos": [-0.07562823783259767, -0.021820552334188746, 0.4127626114407358], "grid_indices": [0, 0, 0, 0, 0, 2]}, {"qpos": [[-7.336353746723034e-16, 3.774758283725532e-17, 0.5, 1.0, 0.0, 0.0, 0.0, -0.18, 0.0, 0.49, 0.8497067518505048, -0.010269866538003714, 0.05893687932184145, -0.5238505607105514, -1.9, 0.0, 2.115676834331313, 0.0, -1.5244, 1.5244, -1.5968, -0.3, 0.0, -0.27, 0.8497685860297429, -0.000620136598909395, -0.052218791120480786, -0.5245628308234636, -1.9, 0.0, 2.1156768350877995, 0.0, -1.5244, 1.5244, -1.5968]], "motorPos": [[0.3, 0.0, 1.25, -0.9, -1.5968, 0.18, 0.0, 1.25, -0.9, -1.5968]], "M_min": [[33.312, 0.0, 0.0, 0.0, -2.656582138366953, 0.6814903083337412, 3.345421459929422e-17, -0.17843979592272796, 1.050658470452934, -1.0195639319974843, 0.0036480215190425325, 1.1866065906094005e-16, 0.17843979591988313, 0.4595721579937149, -0.6712523000778478, 0.004046255956877597], [0.0, 33.312, 0.0, 2.656582138366953, 0.0, -1.9890679481293763, 1.8256872198635345, -0.4312596297346232, -0.07847611171685973, -0.26276679187720225, 0.0003643468681058812, 1.1243702185034181, -0.9950277937245117, -0.30779816596807824, -0.2065613238107952, -0.0003067710069960816], [0.0, 0.0, 33.312, -0.6814903083337412, 1.9890679481293763, 0.0, -0.15066438840335405, 0.07847611171685975, -0.4312596297346232, -1.6897098086004683, 0.002002241089635353, -0.5344000999303871, 0.3077981659680783, -0.9950277937245117, -0.63318147686108, -0.0009917072680076106], [0.0, 2.656582138366953, -0.6814903083337412, 1.462368087362635, -0.19628612110991095, -0.48413488909398833, 0.5513062080773501, -0.19767480894498501, -0.047931727538856474, -0.20544514442640727, 0.0002601201767514882, 0.34625073828985864, -0.167581406303894, 0.13061891423347335, 0.08200502445309982, 0.00013067804081249492], [-2.656582138366953, 0.0, 1.9890679481293763, -0.19628612110991095, 1.7386749414519473, -0.07309420902265881, -0.0547915774141927, 0.07163206106391609, -0.6469499373287009, 0.16003702769444228, -0.0023995909279020894, -0.05989351683731178, 0.12266601776779937, -0.6014140766081479, -0.17864109492740254, -0.002516197048129289], [0.6814903083337412, -1.9890679481293763, 0.0, -0.48413488909398833, -0.07309420902265881, 1.5942274589562202, -0.2925201752134847, 0.2976467079380255, -0.029642737996607226, 0.08370384841499848, -4.021653286691029e-05, -0.17658703518250882, 0.5123072173134517, 0.25962782815485586, -0.02646569170050027, 0.00130559744141884], [3.345421459929422e-17, 1.8256872198635345, -0.15066438840335405, 0.5513062080773501, -0.0547915774141927, -0.2925201752134847, 0.6097709005118028, -0.208269084026761, 0.010288322475317677, 0.022665679734655955, -1.0182370349284353e-05, 0.0, 0.0, 0.0, 0.0, 0.0], [-0.17843979592272796, -0.4312596297346232, 0.07847611171685975, -0.19767480894498501, 0.07163206106391609, 0.2976467079380255, -0.208269084026761, 0.2986081775099349, -0.005439691349766719, -0.022259152105639196, 1.5361677534116167e-05, 0.0, 0.0, 0.0, 0.0, 0.0], [1.050658470452934, -0.07847611171685973, -0.4312596297346232, -0.047931727538856474, -0.6469499373287009, -0.029642737996607226, 0.010288322475317677, -0.005439691349766719, 0.6339860439493407, -0.15911024995082423, 0.0022131904541256298, 0.0, 0.0, 0.0, 0.0, 0.0], [-1.0195639319974843, -0.26276679187720225, -1.6897098086004683, -0.20544514442640727, 0.16003702769444228, 0.08370384841499848, 0.022665679734655955, -0.022259152105639196, -0.15911024995082423, 5.938548883039517, -0.01861625046831859, 0.0, 0.0, 0.0, 0.0, 0.0], [0.0036480215190425325, 0.0003643468681058812, 0.002002241089635353, 0.0002601201767514882, -0.0023995909279020894, -4.021653286691029e-05, -1.0182370349284353e-05, 1.5361677534116167e-05, 0.0022131904541256298, -0.01861625046831859, 0.012699097175968267, 0.0, 0.0, 0.0, 0.0, 0.0], [1.1866065906094005e-16, 1.1243702185034181, -0.5344000999303871, 0.34625073828985864, -0.05989351683731178, -0.17658703518250882, 0.0, 0.0, 0.0, 0.0, 0.0, 0.3122317247992563, -0.12602865389820334, -0.0037098379193356845, -0.003474474923145997, -3.2024403685323576e-06], [0.17843979591988313, -0.9950277937245117, 0.3077981659680783, -0.167581406303894, 0.12266601776779937, 0.5123072173134517, 0.0, 0.0, 0.0, 0.0, 0.0, -0.12602865389820334, 0.48975180886601677, 0.011030708611612344, 0.007995336033241585, -1.814955036021861e-05], [0.4595721579937149, -0.30779816596807824, -0.9950277937245117, 0.13061891423347335, -0.6014140766081479, 0.25962782815485586, 0.0, 0.0, 0.0, 0.0, 0.0, -0.0037098379193356845, 0.011030708611612344, 0.6339860517940002, 0.21740240396221308, 0.0022131904525740705], [-0.6712523000778478, -0.2065613238107952, -0.63318147686108, 0.08200502445309982, -0.17864109492740254, -0.02646569170050027, 0.0, 0.0, 0.0, 0.0, 0.0, -0.003474474923145997, 0.007995336033241585, 0.21740240396221308, 0.7701982283348716, -0.00457715998538485], [0.004046255956877597, -0.0003067710069960816, -0.0009917072680076106, 0.00013067804081249492, -0.002516197048129289, 0.00130559744141884, 0.0, 0.0, 0.0, 0.0, 0.0, -3.2024403685323576e-06, -1.814955036021861e-05, 0.0022131904525740705, -0.00457715998538485, 0.01269909717596827]], "I_centroid": [1.2365678442597545, -0.15559416237829915, -0.3255096974813949, -0.15559416237829915, 1.4080487418792418, -0.12744204105284634, -0.3255096974813949, -0.12744204105284634, 1.4615179145689592], "cm_pos": [-0.059710253005805757, -0.02045780224344801, 0.42025149680694784], "grid_indices": [0, 0, 0, 0, 1, 0]}, {"qpos": [[-3.7069848059234614e-17, -1.066421256856743e-18, 0.5, 1.0, 0.0, 0.0, 0.0, -0.18, 0.0, 0.49, 0.953414214856537, -0.015497442486323629, 0.02833328324950448, -0.2999306407257845, -1.4, 0.0, 1.6196610200604475, 0.0, -1.5244, 1.5244, -1.5968, -0.3, 0.0, -0.27, 0.8497697286020071, -0.0006200820153017815, -0.05221851978783057, -0.5245610069773904, -1.9, 0.0, 2.115680059238446, 0.0, -1.5244, 1.5244, -1.5968]], "motorPos": [[0.3, 0.0, 1.25, -0.9, -1.5968, 0.18, 0.0, 1.25, -0.9, -1.5968]], "M_min": [[33.312, 0.0, 0.0, 0.0, -3.0126357752193162, 0.7462812589585666, 4.78406741418763e-17, -0.17843979736501336, 1.4125587644341457, -0.3114795987148221, 0.0036398842860966008, 1.1866068055256454e-16, 0.17843979531469567, 0.45957248747314805, -0.6712523490081668, 0.004046259303754414], [0.0, 33.312, 0.0, 3.0126357752193162, 0.0, -1.7436234352123057, 2.181740541773328, -0.18978106958582616, -0.03453437185327791, -0.1877863519866055, 0.00036694605603880483, 1.1243705334459881, -0.9950273316972705, -0.3077980230463043, -0.20656167825026261, -0.0003067671517150705], [0.0, 0.0, 33.312, -0.7462812589585666, 1.7436234352123057, 0.0, -0.21545524223850743, 0.03453437185327792, -0.18978106958582616, -1.0895988995900345, 0.002016524733422508, -0.5344001967200591, 0.3077980230463043, -0.9950273316972705, -0.6331825882158789, -0.0009916948049321916], [0.0, 3.0126357752193162, -0.7462812589585666, 1.8207186187684887, -0.22715266715529003, -0.48138709428669446, 0.9184034310940794, -0.18276435806058586, -0.017071868993647873, -0.13561471697335786, 0.0002619873458642896, 0.3462507988801232, -0.16758134308756478, 0.13061885416861477, 0.08200515252227976, 0.0001306764168142158], [-3.0126357752193162, 0.0, 1.7436234352123057, -0.22715266715529003, 1.9555769911171121, -0.09372254155011345, -0.05252325082667393, 0.045031575361209296, -0.8524343788183831, 0.20404998401708507, -0.0034063699311483006, -0.05989351080589874, 0.12266584863641718, -0.6014135346299001, -0.17864151175887394, -0.002516190410891363], [0.7462812589585666, -1.7436234352123057, 0.0, -0.48138709428669446, -0.09372254155011345, 1.4437632951845027, -0.2897724076164915, 0.16635888946314822, -0.03839726733848045, -0.0004643687413069045, 0.00014404373617815118, -0.17658700797220814, 0.5123066556512852, 0.259627700452261, -0.026465556734235063, 0.0013055958293011565], [4.78406741418763e-17, 2.181740541773328, -0.21545524223850743, 0.9184034310940794, -0.05252325082667393, -0.2897724076164915, 0.9856148887962778, -0.18742649826077834, 0.008548575400438695, 0.011481134471296816, -1.0243493147748931e-05, 0.0, 0.0, 0.0, 0.0, 0.0], [-0.17843979736501336, -0.18978106958582616, 0.03453437185327792, -0.18276435806058586, 0.045031575361209296, 0.16635888946314822, -0.18742649826077834, 0.17670596899885344, -0.0027733733086751783, -0.004790679473832564, 1.532098726336513e-05, 0.0, 0.0, 0.0, 0.0, 0.0], [1.4125587644341457, -0.03453437185327791, -0.18978106958582616, -0.017071868993647873, -0.8524343788183831, -0.03839726733848045, 0.008548575400438695, -0.0027733733086751783, 0.8227857924576107, -0.23450651116061605, 0.003237938738124686, 0.0, 0.0, 0.0, 0.0, 0.0], [-0.3114795987148221, -0.1877863519866055, -1.0895988995900345, -0.13561471697335786, 0.20404998401708507, -0.0004643687413069045, 0.011481134471296816, -0.004790679473832564, -0.23450651116061605, 2.5808605417489834, -0.012609945506712858, 0.0, 0.0, 0.0, 0.0, 0.0], [0.0036398842860966008, 0.00036694605603880483, 0.002016524733422508, 0.0002619873458642896, -0.0034063699311483006, 0.00014404373617815118, -1.0243493147748931e-05, 1.532098726336513e-05, 0.003237938738124686, -0.012609945506712858, 0.012699097175968272, 0.0, 0.0, 0.0, 0.0, 0.0], [1.1866068055256454e-16, 1.1243705334459881, -0.5344001967200591, 0.3462507988801232, -0.05989351080589874, -0.17658700797220814, 0.0, 0.0, 0.0, 0.0, 0.0, 0.31223177232291516, -0.12602860997631357, -0.003709835610516715, -0.0034744968868638914, -3.2023818516299337e-06], [0.17843979531469567, -0.9950273316972705, 0.3077980230463043, -0.16758134308756478, 0.12266584863641718, 0.5123066556512852, 0.0, 0.0, 0.0, 0.0, 0.0, -0.12602860997631357, 0.4897512460837248, 0.01103070428508468, 0.007995347601004402, -1.8149560685271725e-05], [0.45957248747314805, -0.3077980230463043, -0.9950273316972705, 0.13061885416861477, -0.6014135346299001, 0.259627700452261, 0.0, 0.0, 0.0, 0.0, 0.0, -0.003709835610516715, 0.01103070428508468, 0.6339854771836604, 0.2174027912609721, 0.0022131838398632784], [-0.6712523490081668, -0.20656167825026261, -0.6331825882158789, 0.08200515252227976, -0.17864151175887394, -0.026465556734235063, 0.0, 0.0, 0.0, 0.0, 0.0, -0.0034744968868638914, 0.007995347601004402, 0.2174027912609721, 0.7701988693714741, -0.004577162841715247], [0.004046259303754414, -0.0003067671517150705, -0.0009916948049321916, 0.0001306764168142158, -0.002516190410891363, 0.0013055958293011565, 0.0, 0.0, 0.0, 0.0, 0.0, -3.2023818516299337e-06, -1.8149560685271725e-05, 0.0022131838398632784, -0.004577162841715247, 0.012699097175968264]], "I_centroid": [1.5315462475027561, -0.18809066270104235, -0.3236991037898345, -0.18809066270104235, 1.5918583012169902, -0.161213944621508, -0.3236991037898345, -0.161213944621508, 1.3357794334741775], "cm_pos": [-0.05234220206569126, -0.02240277554510588, 0.4095630470935604], "grid_indices": [0, 0, 0, 0, 1, 1]}, {"qpos": [[-1.3623976079235598e-17, -3.602383690827493e-18, 0.5, 1.0, 0.0, 0.0, 0.0, -0.18, 0.0, 0.49, 0.9982323715222463, -0.016950873528525146, 0.004336224420477304, -0.05679786518406567, -0.9, 0.0, 1.1249899622034518, 0.0, -1.5244, 1.5244, -1.5968, -0.3, 0.0, -0.27, 0.8497697286020071, -0.0006200820153017522, -0.05221851978783058, -0.5245610069773904, -1.9, 0.0, 2.1156800592384455, 0.0, -1.5244, 1.5244, -1.5968]], "motorPos": [[0.3, 0.0, 1.25, -0.9, -1.5968, 0.18, 0.0, 1.25, -0.9, -1.5968]], "M_min": [[33.312, 0.0, 0.0, 0.0, -3.2094840898936194, 0.7821016542878073, 5.579439967101607e-17, -0.17843979715289526, 1.6126396473581688, 0.4672169250489435, 0.0036289102464438783, 1.186606805525645e-16, 0.17843979531469523, 0.45957248747314794, -0.6712523490081664, 0.0040462593037544], [0.0, 33.312, 0.0, 3.2094840898936194, 0.0, -1.3542951727923298, 2.3785888564476316, 0.19325708582022566, 0.03516690089038767, -0.06762572848629925, 0.00037041341821076375, 1.1243705334459881, -0.9950273316972706, -0.3077980230463043, -0.20656167825026261, -0.000306767151715074], [0.0, 0.0, 33.312, -0.7821016542878073, 1.3542951727923298, 0.0, -0.2512756375677485, -0.03516690089038768, 0.1932570858202256, -0.37952467074572654, 0.0020355793641084648, -0.5344001967200589, 0.3077980230463043, -0.9950273316972708, -0.6331825882158785, -0.0009916948049321916], [0.0, 3.2094840898936194, -0.7821016542878073, 2.089024586187837, -0.2380031649420173, -0.2678627813988629, 1.1915451518828752, 0.03517159370408607, 0.03183049145939209, -0.04795653935487393, 0.0002644782221837034, 0.3462507988801232, -0.16758134308756478, 0.13061885416861485, 0.08200515252227976, 0.00013067641681421328], [-3.2094840898936194, 0.0, 1.3542951727923298, -0.2380031649420173, 2.1005637199719347, -0.11752066238116013, -0.010814433186704457, 0.024845042533280022, -1.005149371678883, -0.23438821897947015, -0.004272283729880254, -0.05989351080589878, 0.12266584863641733, -0.6014135346299004, -0.17864151175887394, -0.002516190410891372], [0.7821016542878073, -1.3542951727923298, 0.0, -0.2678627813988629, -0.11752066238116013, 1.3199820911070392, -0.07624809472866007, 0.06384346019240399, -0.036086862775036165, -0.017391828268322918, 0.0003030394534378705, -0.1765870079722081, 0.5123066556512857, 0.2596277004522611, -0.026465556734234952, 0.0013055958293011598], [5.579439967101607e-17, 2.3785888564476316, -0.2512756375677485, 1.1915451518828752, -0.010814433186704457, -0.07624809472866007, 1.2635923629545212, 0.039919125324288415, 0.005740784873661666, 0.0032792911957991687, -1.0324991970939233e-05, 0.0, 0.0, 0.0, 0.0, 0.0], [-0.17843979715289526, 0.19325708582022566, -0.03516690089038768, 0.03517159370408607, 0.024845042533280022, 0.06384346019240399, 0.039919125324288415, 0.09130990902298644, -0.0012662738925271202, 0.0030512106299838007, 1.5266183000087112e-05, 0.0, 0.0, 0.0, 0.0, 0.0], [1.6126396473581688, 0.03516690089038767, 0.1932570858202256, 0.03183049145939209, -1.005149371678883, -0.036086862775036165, 0.005740784873661666, -0.0012662738925271202, 0.9793526644577223, 0.1778408603870928, 0.004119998944421384, 0.0, 0.0, 0.0, 0.0, 0.0], [0.4672169250489435, -0.06762572848629925, -0.37952467074572654, -0.04795653935487393, -0.23438821897947015, -0.017391828268322918, 0.0032792911957991687, 0.0030512106299838007, 0.1778408603870928, 0.5238769463915638, -0.003601107822867333, 0.0, 0.0, 0.0, 0.0, 0.0], [0.0036289102464438783, 0.00037041341821076375, 0.0020355793641084648, 0.0002644782221837034, -0.004272283729880254, 0.0003030394534378705, -1.0324991970939233e-05, 1.5266183000087112e-05, 0.004119998944421384, -0.003601107822867333, 0.012699097175968274, 0.0, 0.0, 0.0, 0.0, 0.0], [1.186606805525645e-16, 1.1243705334459881, -0.5344001967200589, 0.3462507988801232, -0.05989351080589878, -0.1765870079722081, 0.0, 0.0, 0.0, 0.0, 0.0, 0.31223177232291527, -0.12602860997631357, -0.0037098356105166597, -0.003474496886863813, -3.2023818516324274e-06], [0.17843979531469523, -0.9950273316972706, 0.3077980230463043, -0.16758134308756478, 0.12266584863641733, 0.5123066556512857, 0.0, 0.0, 0.0, 0.0, 0.0, -0.12602860997631357, 0.48975124608372533, 0.011030704285084708, 0.007995347601004394, -1.8149560685269143e-05], [0.45957248747314794, -0.3077980230463043, -0.9950273316972708, 0.13061885416861485, -0.6014135346299004, 0.2596277004522611, 0.0, 0.0, 0.0, 0.0, 0.0, -0.0037098356105166597, 0.011030704285084708, 0.6339854771836608, 0.21740279126097214, 0.0022131838398632892], [-0.6712523490081664, -0.20656167825026261, -0.6331825882158785, 0.08200515252227976, -0.17864151175887394, -0.026465556734234952, 0.0, 0.0, 0.0, 0.0, 0.0, -0.003474496886863813, 0.007995347601004394, 0.21740279126097214, 0.7701988693714731, -0.0045771628417152575], [0.0040462593037544, -0.000306767151715074, -0.0009916948049321916, 0.00013067641681421328, -0.002516190410891372, 0.0013055958293011598, 0.0, 0.0, 0.0, 0.0, 0.0, -3.2023818516324274e-06, -1.8149560685269143e-05, 0.0022131838398632892, -0.0045771628417152575, 0.012699097175968278]], "I_centroid": [1.7614407989363954, -0.2062069204945247, -0.13738160914571926, -0.2062069204945247, 1.736283474464943, -0.1928731724711038, -0.13738160914571926, -0.1928731724711038, 1.2465611493236477], "cm_pos": [-0.04065487430332405, -0.02347807559701633, 0.4036538157452685], "grid_indices": [0, 0, 0, 0, 1, 2]}, {"qpos": [[-1.7928779121045847e-16, -1.0119712685018049e-16, 0.5, 1.0, 0.0, 0.0, 0.0, -0.18, 0.0, 1.25, 0.8497067518505048, -0.01026986653800375, 0.058936879321841336, -0.5238505607105514, -1.9, 0.0, 2.115676834331315, 0.0, -1.5244, 1.5244, -1.5968, -0.3, 0.0, -0.27, 0.8497685860297429, -0.0006201365989094309, -0.052218791120480806, -0.5245628308234636, -1.9, 0.0, 2.1156768350878, 0.0, -1.5244, 1.5244, -1.5968]], "motorPos": [[0.3, 0.0, 1.25, -0.9, -1.5968, 0.18, 0.0, 1.25, -0.9, -1.5968]], "M_min": [[33.312, 0.0, 0.0, 0.0, -2.669253612582801, 0.6837961305290435, 3.3966209977677484e-17, -0.17843979592272818, 1.0635380308025444, 0.6268423737136662, 0.0012421787738271794, 1.1866065906094005e-16, 0.17843979591988357, 0.4595721579937149, -0.6712523000778476, 0.0040462559568776035], [0.0, 33.312, 0.0, 2.669253612582801, 0.0, -1.1446309698760357, 1.8383586940793828, 0.39953436527698605, 0.07270308028482776, -0.13320147449263597, 0.0007140289002932586, 1.1243702185034181, -0.9950277937245113, -0.30779816596807813, -0.20656132381079512, -0.0003067710069960851], [0.0, 0.0, 33.312, -0.6837961305290435, 1.1446309698760357, 0.0, -0.15297021059865634, -0.07270308028482778, 0.39953436527698605, -0.7373693921145531, 0.003923892665213868, -0.5344000999303871, 0.30779816596807824, -0.9950277937245113, -0.63318147686108, -0.0009917072680076106], [0.0, 2.669253612582801, -0.6837961305290435, 1.610121866689339, -0.2647585491710903, -0.2288275331941021, 0.6993712734004203, 0.041880231749437814, 0.06514200595825496, -0.09386327256795145, 0.0005117619720138858, 0.34625073828985864, -0.16758140630389398, 0.13061891423347338, 0.08200502445309986, 0.00013067804081249435], [-2.669253612582801, 0.0, 1.1446309698760357, -0.2647585491710903, 1.6504585886309913, -0.10555249232656973, -0.009265013411171134, 0.029629616901943774, -0.6058445574593858, -0.2931880171298989, -0.0020944150324378667, -0.05989351683731182, 0.12266601776779924, -0.6014140766081477, -0.178641094927403, -0.002516197048129291], [0.6837961305290435, -1.1446309698760357, 0.0, -0.2288275331941021, -0.10555249232656973, 1.3725718824532118, -0.037212819313598544, 0.11477643692993879, -0.030135778188464874, -0.027385910008627903, 0.00021761308087577775, -0.17658703518250876, 0.5123072173134517, 0.2596278281548558, -0.026465691700500185, 0.0013055974414188424], [3.3966209977677484e-17, 1.8383586940793828, -0.15297021059865634, 0.6993712734004203, -0.009265013411171134, -0.037212819313598544, 0.7581472518312388, 0.05169514758788958, 0.011204866645861865, 0.005681595367513232, -1.7963537789986443e-05, 0.0, 0.0, 0.0, 0.0, 0.0], [-0.17843979592272818, 0.39953436527698605, -0.07270308028482778, 0.041880231749437814, 0.029629616901943774, 0.11477643692993879, 0.05169514758788958, 0.152550147053428, 0.003144961809832522, 0.0038708465144558185, 4.1198437664360785e-06, 0.0, 0.0, 0.0, 0.0, 0.0], [1.0635380308025444, 0.07270308028482776, 0.39953436527698605, 0.06514200595825496, -0.6058445574593858, -0.030135778188464874, 0.011204866645861865, 0.003144961809832522, 0.6339860439493398, 0.2055667703940585, 0.0022131904541256193, 0.0, 0.0, 0.0, 0.0, 0.0], [0.6268423737136662, -0.13320147449263597, -0.7373693921145531, -0.09386327256795145, -0.2931880171298989, -0.027385910008627903, 0.005681595367513232, 0.0038708465144558185, 0.2055667703940585, 0.835588029059696, -0.0050630166460385855, 0.0, 0.0, 0.0, 0.0, 0.0], [0.0012421787738271794, 0.0007140289002932586, 0.003923892665213868, 0.0005117619720138858, -0.0020944150324378667, 0.00021761308087577775, -1.7963537789986443e-05, 4.1198437664360785e-06, 0.0022131904541256193, -0.0050630166460385855, 0.012699097175968272, 0.0, 0.0, 0.0, 0.0, 0.0], [1.1866065906094005e-16, 1.1243702185034181, -0.5344000999303871, 0.34625073828985864, -0.05989351683731182, -0.17658703518250876, 0.0, 0.0, 0.0, 0.0, 0.0, 0.31223172479925637, -0.12602865389820328, -0.0037098379193356013, -0.0034744749231459286, -3.2024403685328997e-06], [0.17843979591988357, -0.9950277937245113, 0.30779816596807824, -0.16758140630389398, 0.12266601776779924, 0.5123072173134517, 0.0, 0.0, 0.0, 0.0, 0.0, -0.12602865389820328, 0.48975180886601677, 0.0110307086116124, 0.007995336033241497, -1.8149550360217833e-05], [0.4595721579937149, -0.30779816596807813, -0.9950277937245113, 0.13061891423347338, -0.6014140766081477, 0.2596278281548558, 0.0, 0.0, 0.0, 0.0, 0.0, -0.0037098379193356013, 0.0110307086116124, 0.6339860517940001, 0.21740240396221353, 0.002213190452574072], [-0.6712523000778476, -0.20656132381079512, -0.63318147686108, 0.08200502445309986, -0.178641094927403, -0.026465691700500185, 0.0, 0.0, 0.0, 0.0, 0.0, -0.0034744749231459286, 0.007995336033241497, 0.21740240396221353, 0.770198228334871, -0.0045771599853848535], [0.0040462559568776035, -0.0003067710069960851, -0.0009917072680076106, 0.00013067804081249435, -0.002516197048129291, 0.0013055974414188424, 0.0, 0.0, 0.0, 0.0, 0.0, -3.2024403685328997e-06, -1.8149550360217833e-05, 0.002213190452574072, -0.0045771599853848535, 0.01269909717596827]], "I_centroid": [1.3822012375943336, -0.24126268497545686, -0.13710952312518498, -0.24126268497545686, 1.3972436839274098, -0.16034431784544562, -0.13710952312518498, -0.16034431784544562, 1.3192050114960239], "cm_pos": [-0.03436092008513575, -0.02052702120944546, 0.41987110913236075], "grid_indices": [0, 0, 0, 0, 2, 0]}, {"qpos": [[-2.2204460492503132e-17, -8.389019391804272e-18, 0.5, 1.0, 0.0, 0.0, 0.0, -0.18, 0.0, 1.25, 0.9534142148565371, -0.015497442486323664, 0.028333283249504262, -0.2999306407257844, -1.4, 0.0, 1.6196610200604464, 0.0, -1.5244, 1.5244, -1.5968, -0.3, 0.0, -0.27, 0.8497697286020071, -0.0006200820153017513, -0.05221851978783058, -0.5245610069773904, -1.9, 0.0, 2.1156800592384455, 0.0, -1.5244, 1.5244, -1.5968]], "motorPos": [[0.3, 0.0, 1.25, -0.9, -1.5968, 0.18, 0.0, 1.25, -0.9, -1.5968]], "M_min": [[33.312, 0.0, 0.0, 0.0, -2.7609744384396393, 0.7004865640271426, 3.767220919816586e-17, -0.17843979736501314, 1.1567647408260946, 0.8434832667952176, 0.0012262787120342344, 1.1866068055256464e-16, 0.17843979531469567, 0.459572487473148, -0.6712523490081664, 0.004046259303754414], [0.0, 33.312, 0.0, 2.7609744384396393, 0.0, -0.7174029416825709, 1.9300792049936515, 0.8198594903833172, 0.1491894453441893, 0.0034509148617993812, 0.0007149092608634607, 1.1243705334459881, -0.9950273316972709, -0.3077980230463043, -0.20656167825026242, -0.00030676715171507746], [0.0, 0.0, 33.312, -0.7004865640271426, 0.7174029416825709, 0.0, -0.16966054730708313, -0.14918944534418938, 0.8198594903833171, 0.01891105650675398, 0.0039287306211884115, -0.5344001967200596, 0.3077980230463044, -0.9950273316972709, -0.6331825882158786, -0.0009916948049322194], [0.0, 2.7609744384396393, -0.7004865640271426, 1.7290246148938402, -0.27465720600964355, 0.01642345844901124, 0.8205271434036884, 0.28596478996812696, 0.11878798284016313, 0.002521677083526387, 0.0005123988244651707, 0.3462507988801233, -0.1675813430875648, 0.13061885416861482, 0.08200515252227975, 0.00013067641681421816], [-2.7609744384396393, 0.0, 0.7174029416825709, -0.27465720600964355, 1.80995622152039, -0.11559423279705087, 0.03851197694548688, 0.0398706742098924, -0.7791214894752507, -0.5101877346133038, -0.0031009750416865207, -0.05989351080589883, 0.12266584863641725, -0.6014135346299004, -0.17864151175887405, -0.0025161904108913814], [0.7004865640271426, -0.7174029416825709, 0.0, 0.01642345844901124, -0.11559423279705087, 1.4125821386881177, 0.20803814511921415, 0.1751558122556435, -0.010444113048869313, -0.015210061804181788, 0.0004028500616409704, -0.17658700797220814, 0.5123066556512855, 0.2596277004522611, -0.026465556734234813, 0.0013055958293011567]