[{"qpos": [[1.054201214170658e-16, -2.0619085865786205e-18, 0.0, 1.0, 0.0, 0.0, 0.0, 0.0045, 0.0, -0.3490658503988659, 0.8877624308057193, -0.01243130938165131, 0.048941933381000266, -0.45752378752793604, -1.7453292519943295, 0.0, 1.9622518157384217, 0.0, -1.5244, 1.5244, -1.5968, -0.0045, 0.0, -0.3490658503988659, 0.8878488390683356, 0.001053600379134071, -0.043074740553849133, -0.4581134091220956, -1.7453292519943295, 0.0, 1.9622518165168539, 0.0, -1.5244, 1.5244, -1.5968]], "motorPos": [[0.0045, 0.0, 1.0471975511965976, -1.0471975511965976, -1.5968, -0.0045, 0.0, 1.0471975511965976, -1.0471975511965976, -1.5968]], "M_min": [[33.312, 0.0, 0.0, 0.0, -2.2514189599909145, -0.0039381763181259395, -4.093384562094378e-17, -0.17843979627415685, 0.5007572311032491, -0.5459480766559461, 0.003953308820526587, 4.08530222022914e-17, 0.1784397962702542, 0.5007572311662141, -0.5609798274411764, 0.003953308821577073], [0.0, 33.312, 0.0, 2.2514189599909145, 0.0, -2.7686364425141936, 1.2724463109667299, -1.1297170828386718, 0.005083761188208238, 0.004230775114323048, 6.072693064785011e-06, 1.2724479490241838, -1.1297170827115712, -0.005083761187636314, -0.0032168749450796983, -6.072693050935304e-06], [0.0, 0.0, 33.312, 0.0039381763181259395, 2.7686364425141936, 0.0, 0.18434965188532382, -0.005083761188208368, -1.1297170828386716, -2.460515303897884, -0.0013494782386780507, -0.18398565556719815, 0.0050837611876364125, -1.1297170827115712, -0.6822850148438093, -0.0013494782356007207], [0.0, 2.2514189599909145, 0.0039381763181259395, 1.1740523135151932, -0.00015982436396190844, -0.47091337920119625, 0.30568468437860535, -0.16626703011421334, -0.14926723766756717, -0.2966890310685038, -0.00017757583882951482, 0.3056355426912208, -0.1662670337128983, 0.14926722789087368, 0.08774503357273418, 0.00017757583842797236], [-2.2514189599909145, 0.0, 2.7686364425141936, -0.00015982436396190844, 1.8878073190252547, -0.0005222674164908311, 0.006532973723436366, 0.023896609487234623, -0.7000192989233709, -1.2345816450023472, -0.0029523296186659853, -0.006524490145815602, -0.02389658702297326, -0.7000193063298504, -0.22555523995998072, -0.002952329616978935], [-0.0039381763181259395, -2.7686364425141936, 0.0, -0.47091337920119625, -0.0005222674164908311, 1.9311611779941011, -0.2279428293624802, 0.5910109484612104, -0.08113973841483352, 0.05953679259966192, -0.0005291364243696411, -0.22794287114072115, 0.5910109429629612, 0.08113971596801313, -0.07072489254801381, 0.0005291364245002799], [-4.093384562094378e-17, 1.2724463109667299, 0.18434965188532382, 0.30568468437860535, 0.006532973723436366, -0.2279428293624802, 0.3189224813740866, -0.16558072235380505, 0.003244568515653523, 0.03548053495771065, 4.603723392022062e-06, 0.0, 0.0, 0.0, 0.0, 0.0], [-0.17843979627415685, -1.1297170828386718, -0.005083761188208368, -0.16626703011421334, 0.023896609487234623, 0.5910109484612104, -0.16558072235380505, 0.5495766039684541, -0.010387298935192172, -0.008945691575874385, 1.784565867436499e-05, 0.0, 0.0, 0.0, 0.0, 0.0], [0.5007572311032491, 0.005083761188208238, -1.1297170828386716, -0.14926723766756717, -0.7000192989233709, -0.08113973841483352, 0.003244568515653523, -0.010387298935192172, 0.6930882814952966, 1.1632032574053766, 0.002530356308191335, 0.0, 0.0, 0.0, 0.0, 0.0], [-0.5459480766559461, 0.004230775114323048, -2.460515303897884, -0.2966890310685038, -1.2345816450023472, 0.05953679259966192, 0.03548053495771065, -0.008945691575874385, 1.1632032574053766, 25.98618721738592, 0.004455098507006621, 0.0, 0.0, 0.0, 0.0, 0.0], [0.003953308820526587, 6.072693064785011e-06, -0.0013494782386780507, -0.00017757583882951482, -0.0029523296186659853, -0.0005291364243696411, 4.603723392022062e-06, 1.784565867436499e-05, 0.002530356308191335, 0.004455098507006621, 0.01269909717596827, 0.0, 0.0, 0.0, 0.0, 0.0], [4.08530222022914e-17, 1.2724479490241838, -0.18398565556719815, 0.3056355426912208, -0.006524490145815602, -0.22794287114072115, 0.0, 0.0, 0.0, 0.0, 0.0, 0.31892247918964894, -0.16558072595256723, -0.0032445782751884256, -0.004363443431180074, -4.603723378124921e-06], [0.1784397962702542, -1.1297170827115712, 0.0050837611876364125, -0.1662670337128983, -0.02389658702297326, 0.5910109429629612, 0.0, 0.0, 0.0, 0.0, 0.0, -0.16558072595256723, 0.5495765985781043, 0.010387276446769855, 0.003985156364348866, -1.7845658677949744e-05], [0.5007572311662141, -0.005083761187636314, -1.1297170827115712, 0.14926722789087368, -0.7000193063298504, 0.08113971596801313, 0.0, 0.0, 0.0, 0.0, 0.0, -0.0032445782751884256, 0.010387276446769855, 0.6930882888012134, 0.24263133729159428, 0.0025303563065604984], [-0.5609798274411764, -0.0032168749450796983, -0.6822850148438093, 0.08774503357273418, -0.22555523995998072, -0.07072489254801381, 0.0, 0.0, 0.0, 0.0, 0.0, -0.004363443431180074, 0.003985156364348866, 0.24263133729159428, 0.6570991883692188, -0.003712686002513168], [0.003953308821577073, -6.072693050935304e-06, -0.0013494782356007207, 0.00017757583842797236, -0.002952329616978935, 0.0005291364245002799, 0.0, 0.0, 0.0, 0.0, 0.0, -4.603723378124921e-06, -1.7845658677949744e-05, 0.0025303563065604984, -0.003712686002513168, 0.012699097175968286]], "I_centroid": [1.0218878429748688, -0.000487135197037386, -0.2837928046335253, -0.000487135197037386, 1.5055356126064199, -0.0002561025260484822, -0.2837928046335253, -0.0002561025260484822, 1.7010530109656925], "cm_pos": [-0.08311228513791397, 0.00011822095095238567, -0.06758582372691269]}, {"qpos": [[4.336808689942018e-22, -4.336808689942018e-22, 0.0, 1.0, 0.0, 0.0, 0.0, 0.0045, 0.0, -0.3490658503988659, 0.9243592500591619, -0.014206438611920355, 0.03816717989430503, -0.3793434068373215, -1.5707963267948966, 0.0, 1.7891008545951446, 0.0, -1.5244, 1.5244, -1.5968, -0.0045, 0.0, -0.3490658503988659, 0.9244654013964637, 0.002359595060834315, -0.03330275459910633, -0.3798013697554764, -1.5707963267948966, 0.0, 1.7891008545951834, 0.0, -1.5244, 1.5244, -1.5968]], "motorPos": [[0.0045, 0.0, 1.0471975511965976, -1.0471975511965976, -1.5968, -0.0045, 0.0, 1.0471975511965976, -1.0471975511965976, -1.5968]], "M_min": [[33.312, 0.0, 0.0, 0.0, -2.5498317414349065, -0.003938176314506565, -4.1082933971925637e-17, -0.17843979722550296, 0.6499651325884687, -0.16310248383036252, 0.003955169994173238, 4.100211055407686e-17, 0.17843979722550274, 0.649965132588472, -0.2947858791879381, 0.00395516999417328], [0.0, 33.312, 0.0, 2.5498317414349065, 0.0, -2.84521574577778, 1.4216527017202156, -1.1680063467248496, 0.005256064038741844, 0.004384251316980713, 6.048102368578546e-06, 1.4216543397146906, -1.168006346724843, -0.005256064038741848, -0.0036186251193298744, -6.048102368577408e-06], [0.0, 0.0, 33.312, 0.003938176314506565, 2.84521574577778, 0.0, 0.185021086127251, -0.0052560640387419805, -1.1680063467248494, -2.707090917283166, -0.001344013676407102, -0.18465708981274442, 0.005256064038741951, -1.168006346724843, -0.7695505449549827, -0.0013440136764069632], [0.0, 2.5498317414349065, 0.003938176314506565, 1.273307918467642, -0.00015982835299279438, -0.6462441996313565, 0.3552218426596605, -0.24664406069215683, -0.15413820007811316, -0.3261567411120964, -0.0001768627893700902, 0.3551727021168054, -0.24664406343818016, 0.1541381942941506, 0.0988221091943068, 0.00017686278937006984], [-2.5498317414349065, 0.0, 2.84521574577778, -0.00015982835299279438, 2.0821634002214857, -0.0005222658907158846, 0.006629379548588228, 0.022609125948346097, -0.7818877428822912, -1.3919548792182028, -0.003313281187507165, -0.006620899942840472, -0.022609101968935574, -0.7818877498191014, -0.33555263076053554, -0.00331328118750708], [-0.003938176314506565, -2.84521574577778, 0.0, -0.6462441996313565, -0.0005222658907158846, 2.0269518720288704, -0.31560824001441345, 0.6368522153725116, -0.10057001906837958, 0.013195192130693523, -0.0005310056306342836, -0.31560828091894816, 0.6368522094760742, 0.10056999509365122, -0.036108164927730856, 0.0005310056306342872], [-4.1082933971925637e-17, 1.4216527017202156, 0.185021086127251, 0.3552218426596605, 0.006629379548588228, -0.31560824001441345, 0.3683689960324816, -0.24593449204692652, 0.0035426567297415223, 0.03930053272113098, 4.579056944868605e-06, 0.0, 0.0, 0.0, 0.0, 0.0], [-0.17843979722550296, -1.1680063467248496, -0.0052560640387419805, -0.24664406069215683, 0.022609125948346097, 0.6368522153725116, -0.24593449204692652, 0.5935470073388079, -0.009306113350740742, -0.00294186342426107, 1.7852003811553545e-05, 0.0, 0.0, 0.0, 0.0, 0.0], [0.6499651325884687, 0.005256064038741844, -1.1680063467248494, -0.15413820007811316, -0.7818877428822912, -0.10057001906837958, 0.0035426567297415223, -0.009306113350740742, 0.7596477849507207, 1.2740126368860831, 0.0028914117637788817, 0.0, 0.0, 0.0, 0.0, 0.0], [-0.16310248383036252, 0.004384251316980713, -2.707090917283166, -0.3261567411120964, -1.3919548792182028, 0.013195192130693523, 0.03930053272113098, -0.00294186342426107, 1.2740126368860831, 30.20689241324052, 0.004752876780666758, 0.0, 0.0, 0.0, 0.0, 0.0], [0.003955169994173238, 6.048102368578546e-06, -0.001344013676407102, -0.0001768627893700902, -0.003313281187507165, -0.0005310056306342836, 4.579056944868605e-06, 1.7852003811553545e-05, 0.0028914117637788817, 0.004752876780666758, 0.012699097175968285, 0.0, 0.0, 0.0, 0.0, 0.0], [4.100211055407686e-17, 1.4216543397146906, -0.18465708981274442, 0.3551727021168054, -0.006620899942840472, -0.31560828091894816, 0.0, 0.0, 0.0, 0.0, 0.0, 0.3683689949920848, -0.24593449479294988, -0.003542662513703193, -0.00506721437461585, -4.579056944870204e-06], [0.17843979722550274, -1.168006346724843, 0.005256064038741951, -0.24664406343818016, -0.022609101968935574, 0.6368522094760742, 0.0, 0.0, 0.0, 0.0, 0.0, -0.24593449479294988, 0.5935470015503376, 0.009306089345039122, 0.0021702841671165456, -1.785200381155497e-05], [0.649965132588472, -0.005256064038741848, -1.168006346724843, 0.1541381942941506, -0.7818877498191014, 0.10056999509365122, 0.0, 0.0, 0.0, 0.0, 0.0, -0.003542662513703193, 0.009306089345039122, 0.7596477917795746, 0.32438816523189823, 0.0028914117637787993], [-0.2947858791879381, -0.0036186251193298744, -0.7695505449549827, 0.0988221091943068, -0.33555263076053554, -0.036108164927730856, 0.0, 0.0, 0.0, 0.0, 0.0, -0.00506721437461585, 0.0021702841671165456, 0.32438816523189823, 0.5052277053569755, -0.0017730066362943633], [0.00395516999417328, -6.048102368577408e-06, -0.0013440136764069632, 0.00017686278937006984, -0.00331328118750708, 0.0005310056306342872, 0.0, 0.0, 0.0, 0.0, 0.0, -4.579056944870204e-06, -1.785200381155497e-05, 0.0028914117637787993, -0.0017730066362943633, 0.012699097175968281]], "I_centroid": [1.07813328413582, -0.0004961924638142208, -0.42846017526132246, -0.0004961924638142208, 1.6439761238751007, -0.00022082235775189128, -0.42846017526132246, -0.00022082235775189128, 1.7839382988644104], "cm_pos": [-0.08541113550005346, 0.00011822095084374362, -0.07654394036488073]}, {"qpos": [[-1.734723475976807e-21, 1.273395451584225e-18, 0.0, 1.0, 0.0, 0.0, 0.0, 0.0045, 0.0, -0.3490658503988659, 0.9539717064087163, -0.01545731021813528, 0.028107717004387196, -0.29817614119386526, -1.3962634015954636, 0.0, 1.6159751445558568, 0.0, -1.5244, 1.5244, -1.5968, -0.0045, 0.0, -0.3490658503988659, 0.9540914560368979, 0.003230879900209393, -0.024284277416155575, -0.2985118570556919, -1.3962634015954636, 0.0, 1.6159751445558561, 0.0, -1.5244, 1.5244, -1.5968]], "motorPos": [[0.0045, 0.0, 1.0471975511965976, -1.0471975511965976, -1.5968, -0.0045, 0.0, 1.0471975511965976, -1.0471975511965976, -1.5968]], "M_min": [[33.312, 0.0, 0.0, 0.0, -2.857092677764123, -0.003938176314506092, -4.123644268286807e-17, -0.17843979722559755, 0.8035971562746937, 0.2906988700207279, 0.003957057412998691, 4.115561926501934e-17, 0.17843979722559733, 0.8035971562746936, -0.019619988633483076, 0.003957057412998705], [0.0, 33.312, 0.0, 2.857092677764123, 0.0, -2.868829363827655, 1.575283169884825, -1.1798130362060442, 0.005309194500038318, 0.004445405729712298, 6.023050484689691e-06, 1.5752848078792967, -1.1798130362060444, -0.005309194500038351, -0.003908193803029525, -6.023050484690233e-06], [0.0, 0.0, 33.312, 0.003938176314506092, 2.868829363827655, 0.0, 0.18571242790064946, -0.005309194500038454, -1.1798130362060442, -2.921924035822159, -0.0013384466286762986, -0.18534843158614311, 0.005309194500038455, -1.1798130362060442, -0.8330352803925981, -0.0013384466286763125], [0.0, 2.857092677764123, 0.003938176314506092, 1.4217342887036641, -0.00015983255602249578, -0.8261588055929219, 0.4293416962411055, -0.3290810019229009, -0.15562620640787508, -0.35181423310485044, -0.00017613636406239077, 0.4292925564925647, -0.3290810036648064, 0.15562620483150333, 0.10684444801348225, 0.00017613636406239543], [-2.857092677764123, 0.0, 2.868829363827655, -0.00015983255602249578, 2.2687613936388913, -0.0005222650892838815, 0.006928292324370474, 0.02140824826634121, -0.860776998937638, -1.5712247350956847, -0.003667089077745029, -0.006919816921651466, -0.021408223488271195, -0.8607770052566196, -0.4704864440324654, -0.003667089077745038], [-0.003938176314506092, -2.868829363827655, 0.0, -0.8261588055929219, -0.0005222650892838815, 2.0658359231884034, -0.40556554350671703, 0.6555323824090312, -0.12054852995161512, -0.041761841708356624, -0.0005328461523232556, -0.40556558338820986, 0.6555323763361299, 0.1205485051746525, -0.00023615841366912346, 0.0005328461523232558], [-4.123644268286807e-17, 1.575283169884825, 0.18571242790064946, 0.4293416962411055, 0.006928292324370474, -0.40556554350671703, 0.4423955184745178, -0.32836426066539554, 0.0036485534799408637, 0.04264551173114108, 4.553930808909518e-06, 0.0, 0.0, 0.0, 0.0, 0.0], [-0.17843979722559755, -1.1798130362060442, -0.005309194500038454, -0.3290810019229009, 0.02140824826634121, 0.6555323824090312, -0.32836426066539554, 0.6116538555280516, -0.008189308295552875, 0.004126559278848106, 1.7858429852025303e-05, 0.0, 0.0, 0.0, 0.0, 0.0], [0.8035971562746937, 0.005309194500038318, -1.1798130362060442, -0.15562620640787508, -0.860776998937638, -0.12054852995161512, 0.0036485534799408637, -0.008189308295552875, 0.824127398335871, 1.4018834485293128, 0.003245326127840976, 0.0, 0.0, 0.0, 0.0, 0.0], [0.2906988700207279, 0.004445405729712298, -2.921924035822159, -0.35181423310485044, -1.5712247350956847, -0.041761841708356624, 0.04264551173114108, 0.004126559278848106, 1.4018834485293128, 35.894495753367735, 0.005202224579941345, 0.0, 0.0, 0.0, 0.0, 0.0], [0.003957057412998691, 6.023050484689691e-06, -0.0013384466286762986, -0.00017613636406239077, -0.003667089077745029, -0.0005328461523232556, 4.553930808909518e-06, 1.7858429852025303e-05, 0.003245326127840976, 0.005202224579941345, 0.012699097175968283, 0.0, 0.0, 0.0, 0.0, 0.0], [4.115561926501934e-17, 1.5752848078792967, -0.18534843158614311, 0.4292925564925647, -0.006919816921651466, -0.40556558338820986, 0.0, 0.0, 0.0, 0.0, 0.0, 0.4423955182284353, -0.3283642624073011, -0.0036485550563126468, -0.005615314839518496, -4.553930808906781e-06], [0.17843979722559733, -1.1798130362060444, 0.005309194500038455, -0.3290810036648064, -0.021408223488271195, 0.6555323763361299, 0.0, 0.0, 0.0, 0.0, 0.0, -0.3283642624073011, 0.6116538495667128, 0.008189283490405801, 0.0002875178742775136, -1.7858429852027237e-05], [0.8035971562746936, -0.005309194500038351, -1.1798130362060442, 0.15562620483150333, -0.8607770052566196, 0.1205485051746525, 0.0, 0.0, 0.0, 0.0, 0.0, -0.0036485550563126468, 0.008189283490405801, 0.8241274045432926, 0.43143915853173315, 0.0032453261278409837], [-0.019619988633483076, -0.003908193803029525, -0.8330352803925981, 0.10684444801348225, -0.4704864440324654, -0.00023615841366912346, 0.0, 0.0, 0.0, 0.0, 0.0, -0.005615314839518496, 0.0002875178742775136, 0.43143915853173315, 0.4697076924448041, 0.00021898987161915462], [0.003957057412998705, -6.023050484690233e-06, -0.0013384466286763125, 0.00017613636406239543, -0.003667089077745038, 0.0005328461523232558, 0.0, 0.0, 0.0, 0.0, 0.0, -4.553930808906781e-06, -1.7858429852027237e-05, 0.0032453261278409837, 0.00021898987161915462, 0.012699097175968274]], "I_centroid": [1.1766876364892656, -0.0004989882912226128, -0.5801059907170001, -0.0004989882912226128, 1.7766516287465652, -0.00018449687626993962, -0.5801059907170001, -0.00018449687626993962, 1.8187718793605792], "cm_pos": [-0.08611999771336624, 0.0001182209508437307, -0.08576767164277507]}, {"qpos": [[1.400789206851272e-19, 6.348003719902624e-20, 0.0, 1.0, 0.0, 0.0, 0.0, 0.0045, 0.0, -0.3490658503988659, 0.9763700492628128, -0.01626380421539729, 0.018874819984110742, -0.2146642884728225, -1.2217304763960306, 0.0, 1.4429843201492958, 0.0, -1.5244, 1.5244, -1.5968, -0.0045, 0.0, -0.3490658503988659, 0.976498294868218, 0.003750272588384464, -0.016122344145690512, -0.2148885422590598, -1.2217304763960306, 0.0, 1.442984320149296, 0.0, -1.5244, 1.5244, -1.5968]], "motorPos": [[0.0045, 0.0, 1.0471975511965976, -1.0471975511965976, -1.5968, -0.0045, 0.0, 1.0471975511965976, -1.0471975511965976, -1.5968]], "M_min": [[33.312, 0.0, 0.0, 0.0, -3.163883926982749, -0.003938176314505898, -4.13897167363729e-17, -0.1784397972256757, 0.9569943340278113, -4.873503051390559, 0.003959116747597857, 4.130889331852422e-17, 0.17843979722567593, 0.9569943340278113, 0.2739408816455985, 0.003959116747597871], [0.0, 33.312, 0.0, 3.163883926982749, 0.0, -2.8387100698078815, 1.7286787944941384, -1.164753541674826, 0.005241426317211985, -0.005452438941948181, 5.9955836104350025e-06, 1.7286804324886103, -1.164753541674826, -0.0052414263172120175, -0.0034167577722260967, -5.9955836104350025e-06], [0.0, 0.0, 33.312, 0.003938176314505898, 2.8387100698078815, 0.0, 0.18640271287089938, -0.005241426317212121, -1.164753541674826, -0.7934484038619218, -0.0013323429200425008, -0.18603871655639326, 0.005241426317212121, -1.164753541674826, -0.8714271410541858, -0.0013323429200425008], [0.0, 3.163883926982749, 0.003938176314505898, 1.6177264029998226, -0.0001598368585290886, -0.9931908263244461, 0.5272445647026253, -0.4050726515360532, -0.153682850748927, -0.08140470303288716, -0.000175339908299539, 0.5271954253852363, -0.4050726522772441, 0.15368285347960864, 0.11180992726986899, 0.00017533990829953787], [-3.163883926982749, 0.0, 2.8387100698078815, -0.0001598368585290886, 2.4419265762805202, -0.0005222650383147529, 0.0073937939208794, 0.020336942838680948, -0.934287970280107, 3.277250697455697, -0.004002962333348164, -0.007385322820667003, -0.020336918012453076, -0.9342879759742531, -0.6390703609981596, -0.0040029623333481795], [-0.003938176314505898, -2.8387100698078815, 0.0, -0.9931908263244461, -0.0005222650383147529, 2.043722142858117, -0.4890815543825223, 0.6450301969357013, -0.14046938497093714, 0.645542844915889, -0.0005346286008925074, -0.48908159324392886, 0.6450301910564877, 0.14046936014387645, 0.037876469803130586, 0.000534628600892507], [-4.13897167363729e-17, 1.7286787944941384, 0.18640271287089938, 0.5272445647026253, 0.0073937939208794, -0.4890815543825223, 0.5402051984650538, -0.40436505898322944, 0.003558877377174502, 0.025710831488472207, 4.526385906198602e-06, 0.0, 0.0, 0.0, 0.0, 0.0], [-0.1784397972256757, -1.164753541674826, -0.005241426317212121, -0.4050726515360532, 0.020336942838680948, 0.6450301969357013, -0.40436505898322944, 0.6018945199507983, -0.00707075403970644, -0.02756964162487187, 1.7865431235218273e-05, 0.0, 0.0, 0.0, 0.0, 0.0], [0.9569943340278113, 0.005241426317211985, -1.164753541674826, -0.153682850748927, -0.934287970280107, -0.14046938497093714, 0.003558877377174502, -0.00707075403970644, 0.8845662571607812, -2.8774239064912344, 0.0035813164973204407, 0.0, 0.0, 0.0, 0.0, 0.0], [-4.873503051390559, -0.005452438941948181, -0.7934484038619218, -0.08140470303288716, 3.277250697455697, 0.645542844915889, 0.025710831488472207, -0.02756964162487187, -2.8774239064912344, 103.61106010696153, -0.06679025423714205, 0.0, 0.0, 0.0, 0.0, 0.0], [0.003959116747597857, 5.9955836104350025e-06, -0.0013323429200425008, -0.000175339908299539, -0.004002962333348164, -0.0005346286008925074, 4.526385906198602e-06, 1.7865431235218273e-05, 0.0035813164973204407, -0.06679025423714205, 0.012699097175968269, 0.0, 0.0, 0.0, 0.0, 0.0], [4.130889331852422e-17, 1.7286804324886103, -0.18603871655639326, 0.5271954253852363, -0.007385322820667003, -0.48908159324392886, 0.0, 0.0, 0.0, 0.0, 0.0, 0.5402051986501231, -0.40436505972442033, -0.0035588746464928767, -0.005832736772446124, -4.5263859061997675e-06], [0.17843979722567593, -1.164753541674826, 0.005241426317212121, -0.4050726522772441, -0.020336918012453076, 0.6450301910564877, 0.0, 0.0, 0.0, 0.0, 0.0, -0.40436505972442033, 0.6018945141833618, 0.00707072918727358, -0.0019566355935495875, -1.7865431235220658e-05], [0.9569943340278113, -0.0052414263172120175, -1.164753541674826, 0.15368285347960864, -0.9342879759742531, 0.14046936014387645, 0.0, 0.0, 0.0, 0.0, 0.0, -0.0035588746464928767, 0.00707072918727358, 0.8845662627431482, 0.5717129851203592, 0.0035813164973204545], [0.2739408816455985, -0.0034167577722260967, -0.8714271410541858, 0.11180992726986899, -0.6390703609981596, 0.037876469803130586, 0.0, 0.0, 0.0, 0.0, 0.0, -0.005832736772446124, -0.0019566355935495875, 0.5717129851203592, 0.5743032968832282, 0.0024417983459826386], [0.003959116747597871, -5.9955836104350025e-06, -0.0013323429200425008, 0.00017533990829953787, -0.0040029623333481795, 0.000534628600892507, 0.0, 0.0, 0.0, 0.0, 0.0, -4.5263859061997675e-06, -1.7865431235220658e-05, 0.0035813164973204545, 0.0024417983459826386, 0.012699097175968274]], "I_centroid": [1.3172287741377766, -0.0004954318621514535, -0.7235777990901389, -0.0004954318621514535, 1.8995263492197472, -0.000148227672107649, -0.7235777990901389, -0.000148227672107649, 1.8018186135094933], "cm_pos": [-0.08521584023198496, 0.0001182209508437303, -0.09497730328358402]}, {"qpos": [[1.1969591984239976e-18, -1.650704583872759e-18, 0.0, 1.0, 0.0, 0.0, 0.0, 0.0045, 0.0, -0.3490658503988659, 0.9913868116654758, -0.01671187675246129, 0.010564278453889771, -0.12946543496980797, -1.0471975511965976, 0.0, 1.270270710391356, 0.0, -1.5244, 1.5244, -1.5968, -0.0045, 0.0, -0.3490658503988659, 0.9915195662153787, 0.004005868307197332, -0.008904309564538871, -0.12959018520841675, -1.0471975511965976, 0.0, 1.2702707103913553, 0.0, -1.5244, 1.5244, -1.5968]], "motorPos": [[0.0045, 0.0, 1.0471975511965976, -1.0471975511965976, -1.5968, -0.0045, 0.0, 1.0471975511965976, -1.0471975511965976, -1.5968]], "M_min": [[33.312, 0.0, 0.0, 0.0, -3.4609080354241635, -0.003938176314505938, -4.1538111081927096e-17, -0.17843979718993452, 1.1055078919455938, -12.470404869636647, 0.003961534170695558, 4.1457287664078416e-17, 0.17843979718993475, 1.1055078919455936, 0.4669365243685238, 0.003961534170695558], [0.0, 33.312, 0.0, 3.4609080354241635, 0.0, -2.755712339151617, 1.8771908487148457, -1.123255096521996, 0.005054682053498773, -0.019662213239901225, 5.963160845244835e-06, 1.8771924867093173, -1.123255096521996, -0.005054682053498806, -0.004014982235294684, -5.963160845244943e-06], [0.0, 0.0, 33.312, 0.003938176314505938, 2.755712339151617, 0.0, 0.18707102159024114, -0.005054682053498903, -1.1232550965219958, 2.384515866700716, -0.0013251379097453247, -0.18670702527573502, 0.0050546820534989045, -1.123255096521996, -0.8585471518457312, -0.0013251379097453525], [0.0, 3.4609080354241635, 0.003938176314505938, 1.8539791167958277, -0.0001598411236511363, -1.1299853938783266, 0.645280699859681, -0.46616952570999615, -0.14836327697655027, 0.32129641533398534, -0.0001743997422373666, 0.6452315606699629, -0.46616952556999913, 0.14836328397636248, 0.10992278192447177, 0.0001743997422373669], [-3.4609080354241635, 0.0, 2.755712339151617, -0.0001598411236511363, 2.5963974696956504, -0.000522265747051279, 0.007984302961516736, 0.019424619757496462, -1.0001874739488963, 11.38145121405061, -0.004310670660410082, -0.00797583612642637, -0.019424595642853603, -1.00018747901166, -0.7374755244152325, -0.004310670660410077], [-0.003938176314505938, -2.755712339151617, 0.0, -1.1299853938783266, -0.000522265747051279, 1.9626325287845068, -0.5574788386096575, 0.6063412827224592, -0.15972884069097007, 1.659447469910877, -0.0005363314443933445, -0.5574788765706742, 0.6063412773469589, 0.15972881657491983, 0.06330867600458083, 0.0005363314443933444], [-4.1538111081927096e-17, 1.8771908487148457, 0.18707102159024114, 0.645280699859681, 0.007984302961516736, -0.5574788386096575, 0.6581511119449983, -0.46548714363277366, 0.0032761610539191466, -0.0006132266706111791, 4.493875578252262e-06, 0.0, 0.0, 0.0, 0.0, 0.0], [-0.17843979718993452, -1.123255096521996, -0.005054682053498903, -0.46616952570999615, 0.019424619757496462, 0.6063412827224592, -0.46548714363277366, 0.5652435473080644, -0.005984340672643719, -0.07571095623884448, 1.7873636587985596e-05, 0.0, 0.0, 0.0, 0.0, 0.0], [1.1055078919455938, 0.005054682053498773, -1.1232550965219958, -0.14836327697655027, -1.0001874739488963, -0.15972884069097007, 0.0032761610539191466, -0.005984340672643719, 0.9391287633630011, -10.142046851850111, 0.0038891633840315055, 0.0, 0.0, 0.0, 0.0, 0.0], [-12.470404869636647, -0.019662213239901225, 2.384515866700716, 0.32129641533398534, 11.38145121405061, 1.659447469910877, -0.0006132266706111791, -0.07571095623884448, -10.142046851850111, 451.8331180596253, -0.1704885080941557, 0.0, 0.0, 0.0, 0.0, 0.0], [0.003961534170695558, 5.963160845244835e-06, -0.0013251379097453247, -0.0001743997422373666, -0.004310670660410082, -0.0005363314443933445, 4.493875578252262e-06, 1.7873636587985596e-05, 0.0038891633840315055, -0.1704885080941557, 0.012699097175968288, 0.0, 0.0, 0.0, 0.0, 0.0], [4.1457287664078416e-17, 1.8771924867093173, -0.18670702527573502, 0.6452315606699629, -0.00797583612642637, -0.5574788765706742, 0.0, 0.0, 0.0, 0.0, 0.0, 0.6581511122577385, -0.46548714349277664, -0.0032761540541070278, -0.005981083574701943, -4.4938755782557315e-06], [0.17843979718993475, -1.123255096521996, 0.0050546820534989045, -0.46616952556999913, -0.019424595642853603, 0.6063412773469589, 0.0, 0.0, 0.0, 0.0, 0.0, -0.46548714349277664, 0.5652435420411339, 0.005984316534055314, -0.0030538093306555643, -1.7873636587985704e-05], [1.1055078919455936, -0.005054682053498806, -1.123255096521996, 0.14836328397636248, -1.00018747901166, 0.15972881657491983, 0.0, 0.0, 0.0, 0.0, 0.0, -0.0032761540541070278, 0.005984316534055314, 0.9391287683171916, 0.6533757255992643, 0.0038891633840314995], [0.4669365243685238, -0.004014982235294684, -0.8585471518457312, 0.10992278192447177, -0.7374755244152325, 0.06330867600458083, 0.0, 0.0, 0.0, 0.0, 0.0, -0.005981083574701943, -0.0030538093306555643, 0.6533757255992643, 0.6589301426683456, 0.003388061039158519], [0.003961534170695558, -5.963160845244943e-06, -0.0013251379097453525, 0.0001743997422373669, -0.004310670660410077, 0.0005363314443933444, 0.0, 0.0, 0.0, 0.0, 0.0, -4.4938755782557315e-06, -1.7873636587985704e-05, 0.0038891633840314995, 0.003388061039158519, 0.012699097175968265]], "I_centroid": [1.4944119956714212, -0.00048562405663744374, -0.8436841517467419, -0.00048562405663744374, 2.008866402037869, -0.00011311390832073967, -0.8436841517467419, -0.00011311390832073967, 1.7346676511012347], "cm_pos": [-0.08272431373533912, 0.00011822095084372979, -0.10389373305187813]}, {"qpos": [[1.133477426501494e-15, -5.813177630237255e-17, 0.0, 1.0, 0.0, 0.0, 0.0, 0.0045, 0.0, 0.0, 0.8877652837585973, -0.012206902267035932, 0.04882634602937626, -0.45753664380405623, -1.7453292519943295, 0.0, 1.9622592244822255, 0.0, -1.5244, 1.5244, -1.5968, -0.0045, 0.0, 0.0, 0.8878488159470493, 0.0008291751095385292, -0.042958998002117714, -0.45812478319854555, -1.7453292519943295, 0.0, 1.962259224482225, 0.0, -1.5244, 1.5244, -1.5968]], "motorPos": [[0.0045, 0.0, 1.0471975511965976, -1.0471975511965976, -1.5968, -0.0045, 0.0, 1.0471975511965976, -1.0471975511965976, -1.5968]], "M_min": [[33.312, 0.0, 0.0, 0.0, -2.9637928737862556, -0.003938176314506347, -4.128975008889666e-17, -0.1784397953779704, 0.8569477944517458, 0.28576693636452805, 0.004176447917688383, 4.120892667104793e-17, 0.1784397953779704, 0.8569477944517457, -0.020022920518695225, 0.0041764479176883695], [0.0, 33.312, 0.0, 2.9637928737862556, 0.0, -2.2898336898087552, 1.628633267895892, -0.8903181303572476, 0.004006458630239774, 0.0038616112830058263, -3.78154465473712e-07, 1.6286349058903635, -0.8903181303572476, -0.004006458630239799, -0.003970491379778102, 3.7815446547506725e-07], [0.0, 0.0, 33.312, 0.003938176314506347, 2.2898336898087552, 0.0, 0.1859525031145759, -0.004006458630239877, -0.8903181303572476, -2.3687723034859864, 8.403375842853944e-05, -0.18558850680006955, 0.004006458630239877, -0.8903181303572476, -0.8437013095823838, 8.403375842855332e-05], [0.0, 2.9637928737862556, 0.003938176314506347, 1.4777929205761637, -0.00015983265157874614, -0.6869705943459418, 0.45733860202181476, -0.25668285242588734, -0.11359139439642416, -0.2858709560660622, 9.566931643979754e-06, 0.45728946227659517, -0.25668285421883474, 0.11359139291537992, 0.10820677512541797, -9.56693164397954e-06], [-2.9637928737862556, 0.0, 2.2898336898087552, -0.00015983265157874614, 1.9691356959741138, -0.0005222654280988275, 0.0036620870232403225, 0.022606234720288422, -0.7203520524280618, -1.2358051890133763, -0.0029021565670537047, -0.003653611716077629, -0.022606210275580373, -0.7203520599595832, -0.411682884270816, -0.002902156567053692], [-0.003938176314506347, -2.2898336898087552, 0.0, -0.6869705943459418, -0.0005222654280988275, 1.7104297929069698, -0.33597143785792094, 0.49194890309149647, -0.1275808055763222, -0.040127735711636456, -0.0005585360891246978, -0.3359714777900261, 0.49194889580273404, 0.12758078113270657, -0.0005405730140118151, 0.0005585360891246965], [-4.128975008889666e-17, 1.628633267895892, 0.1859525031145759, 0.45733860202181476, 0.0036620870232403225, -0.33597143785792094, 0.4703600141013469, -0.25614198051080483, 0.006601553201804292, 0.033913304904545964, -1.7776257438730703e-06, 0.0, 0.0, 0.0, 0.0, 0.0], [-0.1784397953779704, -0.8903181303572476, -0.004006458630239877, -0.25668285242588734, 0.022606234720288422, 0.49194890309149647, -0.25614198051080483, 0.4622520358324919, -0.008651159614809221, 0.0036788254718981106, 1.8343986734262624e-05, 0.0, 0.0, 0.0, 0.0, 0.0], [0.8569477944517458, 0.004006458630239774, -0.8903181303572476, -0.11359139439642416, -0.7203520524280618, -0.1275808055763222, 0.006601553201804292, -0.008651159614809221, 0.6930869449342087, 1.0940111044594256, 0.002530340786402016, 0.0, 0.0, 0.0, 0.0, 0.0], [0.28576693636452805, 0.0038616112830058263, -2.3687723034859864, -0.2858709560660622, -1.2358051890133763, -0.040127735711636456, 0.033913304904545964, 0.0036788254718981106, 1.0940111044594256, 22.127582257539732, 0.003886726416931328, 0.0, 0.0, 0.0, 0.0, 0.0], [0.004176447917688383, -3.78154465473712e-07, 8.403375842853944e-05, 9.566931643979754e-06, -0.0029021565670537047, -0.0005585360891246978, -1.7776257438730703e-06, 1.8343986734262624e-05, 0.002530340786402016, 0.003886726416931328, 0.012699097175968269, 0.0, 0.0, 0.0, 0.0, 0.0], [4.120892667104793e-17, 1.6286349058903635, -0.18558850680006955, 0.45728946227659517, -0.003653611716077629, -0.3359714777900261, 0.0, 0.0, 0.0, 0.0, 0.0, 0.4703600138585857, -0.25614198230375224, -0.0066015546828485094, -0.005692901668203848, 1.7776257438751557e-06], [0.1784397953779704, -0.8903181303572476, 0.004006458630239877, -0.25668285421883474, -0.022606210275580373, 0.49194889580273404, 0.0, 0.0, 0.0, 0.0, 0.0, -0.25614198230375224, 0.4622520286538041, 0.008651135137549405, 0.000301416036869243, -1.8343986734261892e-05], [0.8569477944517457, -0.004006458630239799, -0.8903181303572476, 0.11359139291537992, -0.7203520599595832, 0.12758078113270657, 0.0, 0.0, 0.0, 0.0, 0.0, -0.0066015546828485094, 0.008651135137549405, 0.693086952355658, 0.3721486890688128, 0.0025303407864020046], [-0.020022920518695225, -0.003970491379778102, -0.8437013095823838, 0.10820677512541797, -0.411682884270816, -0.0005405730140118151, 0.0, 0.0, 0.0, 0.0, 0.0, -0.005692901668203848, 0.000301416036869243, 0.3721486890688128, 0.48016504175756736, -0.00047379188300299005], [0.0041764479176883695, 3.7815446547506725e-07, 8.403375842855332e-05, -9.56693164397954e-06, -0.002902156567053692, 0.0005585360891246965, 0.0, 0.0, 0.0, 0.0, 0.0, 1.7776257438751557e-06, -1.8343986734261892e-05, 0.0025303407864020046, -0.00047379188300299005, 0.012699097175968272]], "I_centroid": [1.2141016469228592, -0.0004305389676619754, -0.4832424251573346, -0.0004305389676619754, 1.548044001518981, -0.00017188301645597087, -0.4832424251573346, -0.00017188301645597087, 1.5530284409552442], "cm_pos": [-0.06873900365660178, 0.00011822095084365894, -0.08897072747917438]}, {"qpos": [[6.910704647422606e-19, -1.4850317156533951e-18, 0.0, 1.0, 0.0, 0.0, 0.0, 0.0045, 0.0, 0.0, 0.9243628114407154, -0.013972789892755366, 0.03807129287756427, -0.37935304220034954, -1.5707963267948966, 0.0, 1.7891008551700647, 0.0, -1.5244, 1.5244, -1.5968, -0.0045, 0.0, 0.0, 0.9244659682738989, 0.0021259198887331817, -0.033206751978881295, -0.37980977553380924, -1.5707963267948966, 0.0, 1.7891008551700645, 0.0, -1.5244, 1.5244, -1.5968]], "motorPos": [[0.0045, 0.0, 1.0471975511965976, -1.0471975511965976, -1.5968, -0.0045, 0.0, 1.0471975511965976, -1.0471975511965976, -1.5968]], "M_min": [[33.312, 0.0, 0.0, 0.0, -3.2704005439572605, -0.003938176314506156, -4.144293283583086e-17, -0.17843979722543768, 1.0102531817599891, -3.749456082625567, 0.004176328461959991, 4.136210941798213e-17, 0.17843979722543768, 1.0102531817599891, -4245.069707278884, 0.004176328461959991], [0.0, 33.312, 0.0, 3.2704005439572605, 0.0, -2.2597331801976566, 1.7819371029813942, -0.875268027935271, 0.003938732712190317, 0.0030372483622719292, -4.0398743773786133e-07, 1.7819387409758658, -0.8752680279352711, -0.003938732712190342, -200.70365140429828, 4.0398743773786133e-07], [0.0, 0.0, 33.312, 0.003938176314506156, 2.2597331801976566, 0.0, 0.18664237687658836, -0.003938732712190418, -0.8752680279352709, -2.296275386339918, 8.977438018199779e-05, -0.186278380562082, 0.003938732712190419, -0.8752680279352711, -1439.137089183644, 8.977438018199779e-05], [0.0, 3.2704005439572605, 0.003938176314506156, 1.682406600301495, -0.0001598369016746926, -0.8308574369624477, 0.5595523087204162, -0.32110629930905, -0.11164929721812447, -0.27823386187496996, 1.0316702432995754e-05, 0.5595031693875817, -0.32110629988992095, 0.1116492999926736, 140.84065369778523, -1.0316702432997548e-05], [-3.2704005439572605, 0.0, 2.2597331801976566, -0.0001598369016746926, 2.1545134516506335, -0.0005222653584878131, 0.004075502254273309, 0.021527472113471308, -0.7999771393877191, 1.518931775030473, -0.0032629318349477903, -0.0040670311972065085, -0.021527447601928873, -0.7999771463020559, 2226.2454302056576, -0.003262931834947766], [-0.003938176314506156, -2.2597331801976566, 0.0, -0.8308574369624477, -0.0005222653584878131, 1.6919069449161566, -0.407914859781781, 0.4832417265786005, -0.14751740283988127, 0.491431578383347, -0.0005601459230651994, -0.40791489848267193, 0.48324171949464206, 0.14751737832757555, -476.0757537898736, 0.0005601459230652008], [-4.144293283583086e-17, 1.7819371029813942, 0.18664237687658836, 0.5595523087204162, 0.004075502254273309, -0.407914859781781, 0.5724805878420767, -0.32057457039290416, 0.006511886553137114, 0.03176331528091905, -1.8028388915739458e-06, 0.0, 0.0, 0.0, -1.3516822266448355e-17, 0.0], [-0.17843979722543768, -0.875268027935271, -0.003938732712190418, -0.32110629930905, 0.021527472113471308, 0.4832417265786005, -0.32057457039290416, 0.45428726413102266, -0.007533225600982766, -0.021937516748119834, 1.8341525959504525e-05, 0.0, 0.0, 0.0, -1.6685931531964239e-18, 0.0], [1.0102531817599891, 0.003938732712190317, -0.8752680279352709, -0.11164929721812447, -0.7999771393877191, -0.14751740283988127, 0.006511886553137114, -0.007533225600982766, 0.7596477849953842, -1.293916020596328, 0.002891411762579636, 0.0, 0.0, 0.0, -1.022815747256676e-18, 0.0], [-3.749456082625567, 0.0030372483622719292, -2.296275386339918, -0.27823386187496996, 1.518931775030473, 0.491431578383347, 0.03176331528091905, -0.021937516748119834, -1.293916020596328, 57.828198677065004, -0.04853324036043452, 0.0, 0.0, 0.0, -1.5905446687312384e-18, 0.0], [0.004176328461959991, -4.0398743773786133e-07, 8.977438018199779e-05, 1.0316702432995754e-05, -0.0032629318349477903, -0.0005601459230651994, -1.8028388915739458e-06, 1.8341525959504525e-05, 0.002891411762579636, -0.04853324036043452, 0.012699097175968281, 0.0, 0.0, 0.0, -8.69672296901298e-31, 0.0], [4.136210941798213e-17, 1.7819387409758658, -0.186278380562082, 0.5595031693875817, -0.0040670311972065085, -0.40791489848267193, 0.0, 0.0, 0.0, 0.0, 0.0, 0.5724805880117005, -0.3205745709737752, -0.0065118837785880235, -53.44285334200675, 1.8028388915721518e-06], [0.17843979722543768, -0.8752680279352711, 0.003938732712190419, -0.32110629988992095, -0.021527447601928873, 0.48324171949464206, 0.0, 0.0, 0.0, 0.0, 0.0, -0.3205745709737752, 0.45428725715743756, 0.007533201057810827, 97.50869441894034, -1.83415259595029e-05], [1.0102531817599891, -0.003938732712190342, -0.8752680279352711, 0.1116492999926736, -0.7999771463020559, 0.14751737832757555, 0.0, 0.0, 0.0, 0.0, 0.0, -0.0065118837785880235, 0.007533201057810827, 0.759647791799346, -1914.291336756903, 0.002891411762579612], [-4245.069707278884, -200.70365140429828, -1439.137089183644, 140.8406536977852, 2226.2454302056576, -476.0757537898736, -1.3516822266448355e-17, -1.6685931531964239e-18, -1.022815747256676e-18, -1.5905446687312382e-18, -8.69672296901298e-31, -53.44285334200675, 97.50869441894034, -1914.291336756903, 63943534.61966987, -52.94116156766373], [0.004176328461959991, 4.0398743773786133e-07, 8.977438018199779e-05, -1.0316702432997548e-05, -0.003262931834947766, 0.0005601459230652008, 0.0, 0.0, 0.0, 0.0, 0.0, 1.8028388915721518e-06, -1.83415259595029e-05, 0.002891411762579612, -52.94116156766373, 0.012699097175968257]], "I_centroid": [1.361335057699771, -0.0004269847068907885, -0.6090084749752751, -0.0004269847068907885, 1.68015244770004, -0.0001356354965413432, -0.6090084749752751, -0.0001356354965413432, 1.5386165524173903], "cm_pos": [-0.06783541006837347, 0.00011822095084372985, -0.09817484822157965]}, {"qpos": [[1.0489222337928262e-17, 1.9088192398236674e-18, 0.0, 1.0, 0.0, 0.0, 0.0, 0.0045, 0.0, 0.0, 0.953975583043817, -0.015216176383845727, 0.028032346775803695, -0.29818323639451333, -1.3962634015954636, 0.0, 1.6159751445559016, 0.0, -1.5244, 1.5244, -1.5968, -0.0045, 0.0, 0.0, 0.954092242220139, 0.0029897161876513167, -0.02420882245155109, -0.298517985803158, -1.3962634015954636, 0.0, 1.6159751445559012, 0.0, -1.5244, 1.5244, -1.5968]], "motorPos": [[0.0045, 0.0, 1.0471975511965976, -1.0471975511965976, -1.5968, -0.0045, 0.0, 1.0471975511965976, -1.0471975511965976, -1.5968]], "M_min": [[33.312, 0.0, 0.0, 0.0, -3.567207629738666, -0.003938176314506521, -4.159121876402563e-17, -0.17843979722559777, 1.1586582272492425, -9.243775735440883, 0.00417619799381283, 4.15103953461769e-17, 0.17843979722559777, 1.1586582272492425, -431.6625957603633, 0.00417619799381283], [0.0, 33.312, 0.0, 3.567207629738666, 0.0, -2.176832229516227, 1.9303406458720969, -0.8338179722799106, 0.0037522062026855607, 0.001913451653913021, -4.3043339621349694e-07, 1.9303422838665685, -0.8338179722799108, -0.0037522062026855854, -8.307811824295047, 4.304333962139306e-07], [0.0, 0.0, 33.312, 0.003938176314506521, 2.176832229516227, 0.0, 0.1873101973275506, -0.0037522062026856574, -0.8338179722799105, -2.0826736214274253, 9.565122017451272e-05, -0.18694620101304427, 0.003752206202685659, -0.8338179722799108, -55.88430075632654, 9.565122017451272e-05], [0.0, 3.567207629738666, 0.003938176314506521, 1.9269291885869584, -0.00015984112508066976, -0.9444290911477856, 0.6817234470834743, -0.37059694467925863, -0.10633599921710568, -0.2542158559661818, 1.1084267162699028e-05, 0.681674307788227, -